9   2   8 | 6   4   1 | 7   3   5   
----------------------------------
1   7   6 | 8   5   3 | 4   9   2   
----------------------------------
5   3   4 | 2   9   7 | 8   6   1   
----------------------------------
6   5   9 | 7   2   8 | 1   4   3   
----------------------------------
8   4   3 | 9   1   5 | 2   7   6   
----------------------------------
7   1   2 | 3   6   4 | 5   8   9   
----------------------------------
3   6   7 | 1   8   2 | 9   5   4   
----------------------------------
4   8   1 | 5   3   9 | 6   2   7   
----------------------------------
2   9   5 | 4   7   6 | 3   1   8   
----------------------------------
